x=1:5;
y=5:10;
z=10:15